# from H. Marshall email 27 April 2007
#
#Optical depths as of 2002.69
#     Energy      Carbon       Oxygen       Fluorine     Fluffium
#                   0.02         0.20        0.10         0.20
     0.220000     0.158993    0.0526178    0.0624534     0.102331
     0.229790     0.142017    0.0465281    0.0563391    0.0951171
     0.239580     0.126517    0.0413865    0.0509746    0.0884849
     0.249369     0.112309    0.0374776    0.0462234    0.0823674
     0.259159    0.0996821    0.0341153    0.0421108    0.0771172
     0.268949    0.0880954    0.0311477    0.0384878    0.0718669
     0.278739    0.0774523    0.0285124    0.0352609    0.0666166
     0.288529      2.78052    0.0261466    0.0323930    0.0670209
     0.298318      2.27863    0.0240433    0.0298325    0.0719025
     0.308108      1.88035    0.0221800    0.0274534    0.0767455
     0.317898      1.61010    0.0205123    0.0253230    0.0813819
     0.327688      1.43731    0.0190119    0.0234134    0.0856494
     0.337477      1.32644    0.0176614    0.0216991    0.0897620
     0.347267      1.25141    0.0164383    0.0201532    0.0936354
     0.357057      1.19223    0.0153298    0.0187576    0.0973073
     0.366847      1.13890    0.0143293    0.0174912     0.100802
     0.376637      1.08764    0.0134178    0.0163402     0.104142
     0.386426      1.03500    0.0125841    0.0152667     0.107275
     0.396216     0.981098    0.0118087    0.0142218     0.110388
     0.406006     0.927852    0.0110911    0.0132476     0.113174
     0.415796     0.877844    0.0104279    0.0123629     0.115961
     0.425586     0.829878   0.00982858    0.0115538     0.118623
     0.435375     0.784069   0.00927581    0.0108124     0.121082
     0.445165     0.742344   0.00876307    0.0101319     0.123540
     0.454955     0.702799   0.00828650   0.00951265     0.125906
     0.464745     0.665536   0.00784220   0.00895428     0.128072
     0.474535     0.631555   0.00744083   0.00844187     0.130237
     0.484324     0.599847   0.00706471   0.00796516     0.130014
     0.494114     0.569276   0.00670631   0.00752063     0.129721
     0.503904     0.541594   0.00638435   0.00710844     0.129283
     0.513694     0.515557   0.00607835   0.00673318     0.128609
     0.523483     0.490803   0.00578828   0.00638091     0.127934
     0.533273     0.468434    0.0375602   0.00605033     0.127260
     0.543063     0.447174     0.159283   0.00574347     0.126586
     0.552853     0.427033     0.118031   0.00545760     0.125911
     0.562643     0.408715     0.108121   0.00517957     0.125237
     0.572432     0.390980    0.0923191   0.00492518     0.124562
     0.582222     0.374688    0.0880885   0.00468702     0.123888
     0.592012     0.359178    0.0829285   0.00446089     0.122832
     0.601802     0.344496    0.0797913   0.00425151     0.121737
     0.611592     0.330856    0.0767159   0.00404856     0.120643
     0.621381     0.317600    0.0738889   0.00384899     0.119513
     0.631171     0.305569    0.0710740   0.00365057     0.118231
     0.640961     0.293678    0.0684438   0.00346972     0.116950
     0.650751     0.282881    0.0658136   0.00329872     0.115668
     0.660541     0.272243    0.0632841   0.00313703     0.114386
     0.670330     0.262495    0.0608943   0.00298718     0.113104
     0.680120     0.253312    0.0588047   0.00284507     0.111822
     0.689910     0.244688    0.0568708    0.0884040     0.110540
     0.699700     0.236449    0.0550734    0.0829077     0.109284
     0.709489     0.228398    0.0532760    0.0769996     0.108040
     0.719279     0.220347    0.0514785    0.0710823     0.106797
     0.729069     0.212296    0.0497869    0.0652565     0.105553
     0.738859     0.204808    0.0481453    0.0597239     0.104309
     0.748649     0.197563    0.0465779    0.0546131     0.103065
     0.758438     0.190705    0.0450958    0.0499654     0.101431
     0.768228     0.184173    0.0436281    0.0457971    0.0997481
     0.778018     0.177880    0.0422721    0.0420767    0.0980655
     0.787808     0.171976    0.0409161    0.0388005    0.0963828
     0.797598     0.166195    0.0396036    0.0359644    0.0947346
     0.807387     0.160839    0.0383705    0.0335464    0.0931081
     0.817177     0.155526    0.0371471    0.0314735    0.0914815
     0.826967     0.150672    0.0360303    0.0297134    0.0898806
     0.836757     0.145818    0.0349134    0.0282318    0.0883022
     0.846547     0.141336    0.0338977    0.0270169    0.0867239
     0.856336     0.136931    0.0329032    0.0260027    0.0851455
     0.866126     0.132706    0.0319913    0.0251675    0.0836071
     0.875916     0.128703    0.0311069    0.0244916    0.0821649
     0.885706     0.124735    0.0302575    0.0239332    0.0807227
     0.895495     0.121114    0.0294584    0.0234553    0.0792806
     0.905285     0.117493    0.0286593    0.0230324    0.0778385
     0.915075     0.114082    0.0279142    0.0227015    0.0764547
     0.924865     0.110808    0.0271847    0.0223889    0.0751470
     0.934655     0.107535    0.0264553    0.0221398    0.0738393
     0.944444     0.104564    0.0257259    0.0218908    0.0725316
     0.954234     0.101600    0.0250524    0.0216660    0.0712239
     0.964024    0.0987434    0.0243860    0.0214516    0.0699760
     0.973814    0.0960555    0.0237224    0.0212371    0.0687461
     0.983604    0.0933676    0.0231208    0.0210227    0.0675162
     0.993393    0.0908934    0.0225193    0.0208082    0.0662863
      1.00318    0.0884543    0.0219312    0.0205938    0.0650813
      1.01297    0.0860595    0.0213873    0.0203793    0.0639582
      1.02276    0.0838511    0.0208435    0.0201318    0.0628350
      1.03255    0.0816427    0.0203346    0.0198837    0.0617118
      1.04234    0.0795057    0.0198410    0.0196356    0.0605886
      1.05213    0.0774852    0.0193474    0.0193874    0.0595021
      1.06192    0.0754647    0.0188795    0.0191129    0.0584545
      1.07171    0.0735226    0.0184307    0.0188319    0.0574070
      1.08150    0.0716931    0.0179819    0.0185509    0.0563594
      1.09129    0.0698636    0.0175548    0.0182699    0.0553119
      1.10108    0.0681220    0.0171494    0.0179885    0.0543090
      1.11087    0.0664619    0.0167440    0.0176865    0.0533475
      1.12066    0.0648018    0.0163576    0.0173845    0.0523860
      1.13045    0.0632566    0.0159900    0.0170825    0.0514245
      1.14024    0.0617540    0.0156224    0.0167805    0.0504630
      1.15003    0.0602514    0.0152669    0.0164785    0.0495493
      1.15982    0.0588221    0.0149347    0.0161765    0.0486659
      1.16961    0.0574594    0.0146024    0.0158745    0.0477824
      1.17940    0.0560968    0.0142702    0.0155725    0.0468990
      1.18919    0.0548226    0.0139709    0.0152706    0.0460481
      1.19898    0.0535842    0.0136716    0.0149686    0.0452417
      1.20877    0.0523459    0.0133723    0.0146666    0.0444353
      1.21856    0.0511616    0.0130869    0.0143646    0.0436289
      1.22835    0.0500410    0.0128180    0.0140626    0.0428224
      1.23814    0.0489203    0.0125490    0.0137800    0.0420350
      1.24793    0.0478025    0.0122800    0.0134990    0.0412921
      1.25772    0.0467852    0.0120291    0.0132180    0.0405493
      1.26751    0.0457678    0.0117858    0.0129369    0.0398065
      1.27730    0.0447504    0.0115425    0.0126559    0.0390636
      1.28709    0.0437711    0.0112992    0.0123908    0.0383242
      1.29688    0.0428486    0.0110730    0.0121313    0.0376381
      1.30667    0.0419261    0.0108534    0.0118717    0.0369519
      1.31646    0.0410036    0.0106339    0.0116122    0.0362658
      1.32625    0.0401645    0.0104184    0.0113646    0.0356003
      1.33604    0.0393327    0.0102193    0.0111263    0.0350168
      1.34583    0.0385009    0.0100202    0.0108880    0.0344333
      1.35562    0.0376892   0.00982116    0.0106498    0.0338498
      1.36541    0.0369380   0.00963168    0.0104296    0.0332663
      1.37520    0.0361867   0.00945221    0.0102121    0.0326828
      1.38498    0.0354355   0.00927273   0.00999459    0.0321245
      1.39477    0.0347370   0.00909326   0.00977709    0.0315861
      1.40456    0.0340543   0.00892326   0.00957890    0.0310478
      1.41435    0.0333716   0.00876042   0.00938127    0.0305095
      1.42414    0.0326960   0.00859758   0.00918364    0.0299712
      1.43393    0.0320784   0.00843474   0.00899078    0.0294328
      1.44372    0.0314607   0.00828462   0.00881080    0.0289288
      1.45351    0.0308431   0.00813680   0.00863083    0.0284309
      1.46330    0.0302400   0.00798898   0.00845086    0.0279330
      1.47309    0.0296788   0.00784116   0.00827597    0.0274351
      1.48288    0.0291176   0.00770498   0.00810970    0.0269372
      1.49267    0.0285564   0.00756974   0.00794343    0.0264437
      1.50246    0.0280265   0.00743450   0.00777716    0.0259838
      1.51225    0.0275130   0.00729925   0.00761089    0.0255239
      1.52204    0.0269995   0.00716401   0.00745464    0.0250859
      1.53183    0.0264861   0.00702877   0.00730109    0.0246957
      1.54162    0.0260140   0.00690189   0.00714754    0.0243056
      1.55141    0.0255478   0.00677619   0.00699399    0.0239154
      1.56120    0.0250816   0.00665049   0.00684506    0.0235252
      1.57099    0.0246154   0.00652480   0.00670256    0.0231350
      1.58078    0.0241875   0.00639910   0.00656006    0.0227557
      1.59057    0.0237637   0.00627652   0.00641757    0.0223930
      1.60036    0.0233398   0.00615942   0.00627826    0.0220303
      1.61015    0.0229160   0.00604231   0.00614576    0.0216676
      1.61994    0.0225228   0.00592521   0.00601326    0.0213049
      1.62973    0.0221412   0.00580810   0.00588076    0.0209422
      1.63952    0.0217595   0.00569103   0.00574830    0.0205936
      1.64931    0.0213779   0.00558140   0.00562531    0.0202562
      1.65910    0.0210076   0.00547177   0.00550233    0.0199189
      1.66889    0.0206607   0.00536214   0.00537934    0.0195816
      1.67868    0.0203138   0.00525250   0.00525636    0.0192442
      1.68847    0.0199668   0.00514287   0.00513719    0.0189069
      1.69826    0.0196291   0.00503918   0.00502261    0.0185761
      1.70805    0.0193152   0.00493638   0.00490802    0.0182621
      1.71784    0.0190012   0.00483359   0.00479344    0.0179481
      1.72763    0.0186873   0.00473079   0.00468082    0.0176341
      1.73742    0.0183734   0.00462800   0.00457360    0.0173201
      1.74721    0.0180722   0.00452775   0.00446637    0.0170062
      1.75700    0.0177896   0.00443120   0.00435915    0.0166944
      1.76679    0.0175069   0.00433464   0.00425193    0.0163954
      1.77658    0.0172243   0.00423809   0.00415074    0.0161060
      1.78637    0.0169417   0.00414154   0.00405046    0.0158498
      1.79616    0.0166662   0.00404635   0.00395017    0.0155935
      1.80595    0.0164113   0.00395510   0.00384989    0.0153373
      1.81574    0.0161565   0.00386385   0.00375109    0.0150810
      1.82553    0.0159017   0.00377261   0.00365680    0.0148248
      1.83532    0.0156468   0.00368136   0.00356252    0.0145717
      1.84511    0.0154036   0.00359252   0.00346824    0.0143319
      1.85489    0.0151721   0.00350610   0.00337444    0.0140922
      1.86468    0.0149406   0.00341968   0.00328538    0.0138525
      1.87447    0.0147090   0.00333326   0.00319633    0.0136127
      1.88426    0.0144818   0.00324684   0.00310728    0.0133730
      1.89405    0.0142700   0.00316254   0.00301822    0.0131333
      1.90384    0.0140581   0.00308047   0.00293285    0.0129048
      1.91363    0.0138463   0.00299841   0.00284872    0.0126801
      1.92342    0.0136345   0.00291634   0.00276458    0.0124554
      1.93321    0.0134358   0.00283428   0.00268045    0.0122307
      1.94300    0.0132417   0.00275602   0.00259716    0.0120060
      1.95279    0.0130476   0.00267787   0.00251727    0.0117813
      1.96258    0.0128535   0.00259973   0.00243738    0.0115648
      1.97237    0.0126601   0.00252158   0.00235749    0.0113530
      1.98216    0.0124803   0.00244427   0.00227849    0.0111412
      1.99195    0.0123006   0.00236960   0.00220228    0.0109295
      2.00174    0.0121208   0.00229492   0.00212607    0.0107177
      2.01153    0.0119411   0.00222025   0.00204987    0.0105059
      2.02132    0.0117613   0.00214596   0.00197409    0.0103053
      2.03111    0.0115816   0.00207440   0.00190136    0.0101052
      2.04090    0.0114018   0.00200284   0.00182863   0.00990513
      2.05069    0.0112220   0.00193128   0.00175591   0.00970503
      2.06048    0.0110423   0.00185971   0.00168318   0.00950493
      2.07027    0.0108719   0.00179066   0.00161294   0.00930484
      2.08006    0.0107035   0.00172212   0.00154321   0.00911479
      2.08985    0.0105350   0.00165358   0.00147348   0.00892525
      2.09964    0.0103665   0.00158504   0.00140444   0.00873571
      2.10943    0.0101981   0.00151746   0.00133726   0.00854616
      2.11922    0.0100296   0.00145157   0.00127009   0.00835662
      2.12901   0.00986117   0.00138569   0.00120291   0.00816995
      2.13880   0.00969897   0.00131981   0.00113700   0.00799907
      2.14859   0.00954123   0.00125543   0.00107199   0.00785409
      2.15838   0.00938350   0.00119189   0.00100699   0.00771831
      2.16817   0.00922576   0.00112834  0.000943302   0.00758253
      2.17796   0.00906802   0.00106480  0.000880095   0.00744675
      2.18775   0.00891029   0.00100284  0.000816887   0.00731097
      2.19754   0.00875255  0.000941297  0.000755102   0.00717518
      2.20733   0.00860213  0.000879752  0.000693648   0.00703940
      2.21712   0.00845333  0.000819563  0.000632195   0.00690987
      2.22691   0.00830452  0.000759671  0.000571896   0.00678172
      2.23670   0.00815571  0.000699781  0.000511870   0.00665356
      2.24649   0.00800691  0.000640968  0.000452688   0.00652541
      2.25628   0.00785810  0.000582491  0.000393769   0.00639725
      2.26607   0.00771481  0.000524756  0.000335613   0.00626910
      2.27586   0.00757411  0.000467372  0.000277815   0.00614521
      2.28565   0.00743343  0.000410574  0.000220490   0.00602390
      2.29544   0.00729273  0.000354242  0.000163768   0.00590260
      2.30523   0.00715204  0.000298242  0.000107523   0.00578129
      2.31501   0.00701135  0.000242906  5.40518e-05   0.00565999
      2.32480   0.00687204  0.000188031  1.28150e-05   0.00553868
      2.33459   0.00673851  0.000133617      0.00000   0.00541784
      2.34438   0.00660497  7.97297e-05      0.00000   0.00530264
      2.35417   0.00647144  2.62723e-05      0.00000   0.00518744
      2.36396   0.00633790  4.75621e-06      0.00000   0.00507225
      2.37375   0.00620437      0.00000      0.00000   0.00495705
      2.38354   0.00607403      0.00000      0.00000   0.00484185
      2.39333   0.00594684      0.00000      0.00000   0.00472845
      2.40312   0.00581966      0.00000      0.00000   0.00461868
      2.41291   0.00569248      0.00000      0.00000   0.00450890
      2.42270   0.00556530      0.00000      0.00000   0.00439912
      2.43249   0.00543812      0.00000      0.00000   0.00428934
      2.44228   0.00531424      0.00000      0.00000   0.00417956
      2.45207   0.00519327      0.00000      0.00000   0.00407123
      2.46186   0.00507229      0.00000      0.00000   0.00396621
      2.47165   0.00495131      0.00000      0.00000   0.00386120
      2.48144   0.00483034      0.00000      0.00000   0.00375619
      2.49123   0.00470936      0.00000      0.00000   0.00365117
      2.50102   0.00458982      0.00000      0.00000   0.00354724
      2.51081   0.00447429      0.00000      0.00000   0.00344638
      2.52060   0.00435876      0.00000      0.00000   0.00334551
      2.53039   0.00424324      0.00000      0.00000   0.00324464
      2.54018   0.00412772      0.00000      0.00000   0.00314378
      2.54997   0.00401226      0.00000      0.00000   0.00304297
      2.55976   0.00390145      0.00000      0.00000   0.00294617
      2.56955   0.00379064      0.00000      0.00000   0.00284936
      2.57934   0.00367982      0.00000      0.00000   0.00275256
      2.58913   0.00356901      0.00000      0.00000   0.00265576
      2.59892   0.00345820      0.00000      0.00000   0.00255895
      2.60871   0.00334958      0.00000      0.00000   0.00246405
      2.61850   0.00324279      0.00000      0.00000   0.00237073
      2.62829   0.00313600      0.00000      0.00000   0.00227742
      2.63808   0.00302920      0.00000      0.00000   0.00218410
      2.64787   0.00292342      0.00000      0.00000   0.00209164
      2.65766   0.00282010      0.00000      0.00000   0.00200126
      2.66745   0.00271678      0.00000      0.00000   0.00191088
      2.67724   0.00261347      0.00000      0.00000   0.00182050
      2.68703   0.00251015      0.00000      0.00000   0.00173012
      2.69682   0.00240982      0.00000      0.00000   0.00167088
      2.70661   0.00230984      0.00000      0.00000   0.00162865
      2.71640   0.00220985      0.00000      0.00000   0.00160649
      2.72619   0.00210986      0.00000      0.00000   0.00158434
      2.73598   0.00201106      0.00000      0.00000   0.00156218
      2.74577   0.00191437      0.00000      0.00000   0.00154002
      2.75556   0.00181768      0.00000      0.00000   0.00151786
      2.76535   0.00172099      0.00000      0.00000   0.00149570
      2.77514   0.00162430      0.00000      0.00000   0.00147355
      2.78492   0.00152942      0.00000      0.00000   0.00145220
      2.79471   0.00143545      0.00000      0.00000   0.00143125
      2.80450   0.00134148      0.00000      0.00000   0.00141029
      2.81429   0.00124845      0.00000      0.00000   0.00138934
      2.82408   0.00115656      0.00000      0.00000   0.00136839
      2.83387   0.00106467      0.00000      0.00000   0.00134744
      2.84366  0.000973047      0.00000      0.00000   0.00132649
      2.85345  0.000882811      0.00000      0.00000   0.00130554
      2.86324  0.000793089      0.00000      0.00000   0.00128511
      2.87303  0.000703902      0.00000      0.00000   0.00126522
      2.88282  0.000615514      0.00000      0.00000   0.00124532
      2.89261  0.000527421      0.00000      0.00000   0.00122543
      2.90240  0.000440279      0.00000      0.00000   0.00120554
      2.91219  0.000354056      0.00000      0.00000   0.00118564
      2.92198  0.000269536      0.00000      0.00000   0.00116575
      2.93177  0.000188028      0.00000      0.00000   0.00114640
      2.94156  0.000108535      0.00000      0.00000   0.00112742
      2.95135  6.50632e-05      0.00000      0.00000   0.00110845
      2.96114  2.98034e-05      0.00000      0.00000   0.00108947
      2.97093  1.31187e-05      0.00000      0.00000   0.00107049
      2.98072      0.00000      0.00000      0.00000   0.00105151
      2.99051      0.00000      0.00000      0.00000   0.00103254
      3.00030      0.00000      0.00000      0.00000   0.00101389
      3.01009      0.00000      0.00000      0.00000  0.000995814
      3.01988      0.00000      0.00000      0.00000  0.000977733
      3.02967      0.00000      0.00000      0.00000  0.000959653
      3.03946      0.00000      0.00000      0.00000  0.000941573
      3.04925      0.00000      0.00000      0.00000  0.000923492
      3.05904      0.00000      0.00000      0.00000  0.000905411
      3.06883      0.00000      0.00000      0.00000  0.000887331
      3.07862      0.00000      0.00000      0.00000  0.000869857
      3.08841      0.00000      0.00000      0.00000  0.000852541
      3.09820      0.00000      0.00000      0.00000  0.000835225
      3.10799      0.00000      0.00000      0.00000  0.000817908
      3.11778      0.00000      0.00000      0.00000  0.000800592
      3.12757      0.00000      0.00000      0.00000  0.000783276
      3.13736      0.00000      0.00000      0.00000  0.000766510
      3.14715      0.00000      0.00000      0.00000  0.000749837
      3.15694      0.00000      0.00000      0.00000  0.000733165
      3.16673      0.00000      0.00000      0.00000  0.000716492
      3.17652      0.00000      0.00000      0.00000  0.000699819
      3.18631      0.00000      0.00000      0.00000  0.000683146
      3.19610      0.00000      0.00000      0.00000  0.000666909
      3.20589      0.00000      0.00000      0.00000  0.000650867
      3.21568      0.00000      0.00000      0.00000  0.000634825
      3.22547      0.00000      0.00000      0.00000  0.000618783
      3.23526      0.00000      0.00000      0.00000  0.000602741
      3.24504      0.00000      0.00000      0.00000  0.000586699
      3.25483      0.00000      0.00000      0.00000  0.000570831
      3.26462      0.00000      0.00000      0.00000  0.000555409
      3.27441      0.00000      0.00000      0.00000  0.000539986
      3.28420      0.00000      0.00000      0.00000  0.000524563
      3.29399      0.00000      0.00000      0.00000  0.000509140
      3.30378      0.00000      0.00000      0.00000  0.000493717
      3.31357      0.00000      0.00000      0.00000  0.000478294
      3.32336      0.00000      0.00000      0.00000  0.000463183
      3.33315      0.00000      0.00000      0.00000  0.000448266
      3.34294      0.00000      0.00000      0.00000  0.000433348
      3.35273      0.00000      0.00000      0.00000  0.000418431
      3.36252      0.00000      0.00000      0.00000  0.000403522
      3.37231      0.00000      0.00000      0.00000  0.000389004
      3.38210      0.00000      0.00000      0.00000  0.000374486
      3.39189      0.00000      0.00000      0.00000  0.000359968
      3.40168      0.00000      0.00000      0.00000  0.000345450
      3.41147      0.00000      0.00000      0.00000  0.000331049
      3.42126      0.00000      0.00000      0.00000  0.000316925
      3.43105      0.00000      0.00000      0.00000  0.000302801
      3.44084      0.00000      0.00000      0.00000  0.000288676
      3.45063      0.00000      0.00000      0.00000  0.000274552
      3.46042      0.00000      0.00000      0.00000  0.000260558
      3.47021      0.00000      0.00000      0.00000  0.000246725
      3.48000      0.00000      0.00000      0.00000  0.000232892
      3.48979      0.00000      0.00000      0.00000  0.000219246
      3.49958      0.00000      0.00000      0.00000  0.000205606
      3.50937      0.00000      0.00000      0.00000  0.000192053
      3.51916      0.00000      0.00000      0.00000  0.000178604
      3.52895      0.00000      0.00000      0.00000  0.000165155
      3.53874      0.00000      0.00000      0.00000  0.000151879
      3.54853      0.00000      0.00000      0.00000  0.000138620
      3.55832      0.00000      0.00000      0.00000  0.000125422
      3.56811      0.00000      0.00000      0.00000  0.000112352
      3.57790      0.00000      0.00000      0.00000  9.92822e-05
      3.58769      0.00000      0.00000      0.00000  8.63439e-05
      3.59748      0.00000      0.00000      0.00000  7.34613e-05
      3.60727      0.00000      0.00000      0.00000  6.05863e-05
      3.61706      0.00000      0.00000      0.00000  4.78897e-05
      3.62685      0.00000      0.00000      0.00000  3.51931e-05
      3.63664      0.00000      0.00000      0.00000  2.47098e-05
      3.64643      0.00000      0.00000      0.00000  1.84539e-05
      3.65622      0.00000      0.00000      0.00000  1.21980e-05
      3.66601      0.00000      0.00000      0.00000  9.72521e-06
      3.67580      0.00000      0.00000      0.00000  9.72521e-06
      3.68559      0.00000      0.00000      0.00000  9.72521e-06
      3.69538      0.00000      0.00000      0.00000  9.72521e-06
      3.70516      0.00000      0.00000      0.00000  9.72521e-06
      3.71495      0.00000      0.00000      0.00000  9.72521e-06
      3.72474      0.00000      0.00000      0.00000  9.72521e-06
      3.73453      0.00000      0.00000      0.00000  9.72521e-06
      3.74432      0.00000      0.00000      0.00000  9.72521e-06
      3.75411      0.00000      0.00000      0.00000  9.72521e-06
      3.76390      0.00000      0.00000      0.00000  9.72521e-06
      3.77369      0.00000      0.00000      0.00000  9.72521e-06
      3.78348      0.00000      0.00000      0.00000  9.72521e-06
      3.79327      0.00000      0.00000      0.00000  9.72521e-06
      3.80306      0.00000      0.00000      0.00000  9.72521e-06
      3.81285      0.00000      0.00000      0.00000  9.72521e-06
      3.82264      0.00000      0.00000      0.00000  9.72521e-06
      3.83243      0.00000      0.00000      0.00000  9.72521e-06
      3.84222      0.00000      0.00000      0.00000  9.72521e-06
      3.85201      0.00000      0.00000      0.00000  9.72521e-06
      3.86180      0.00000      0.00000      0.00000  9.72521e-06
      3.87159      0.00000      0.00000      0.00000  9.72521e-06
      3.88138      0.00000      0.00000      0.00000  9.72521e-06
      3.89117      0.00000      0.00000      0.00000  9.72521e-06
      3.90096      0.00000      0.00000      0.00000  9.72521e-06
      3.91075      0.00000      0.00000      0.00000  9.72521e-06
      3.92054      0.00000      0.00000      0.00000  9.72521e-06
      3.93033      0.00000      0.00000      0.00000  9.72521e-06
      3.94012      0.00000      0.00000      0.00000  9.72521e-06
      3.94991      0.00000      0.00000      0.00000  9.72521e-06
      3.95970      0.00000      0.00000      0.00000  9.72521e-06
      3.96949      0.00000      0.00000      0.00000  9.72521e-06
      3.97928      0.00000      0.00000      0.00000  9.72521e-06
      3.98907      0.00000      0.00000      0.00000  9.72521e-06
      3.99886      0.00000      0.00000      0.00000  9.72521e-06
      4.00865      0.00000      0.00000      0.00000  9.72521e-06
      4.01844      0.00000      0.00000      0.00000  9.72521e-06
      4.02823      0.00000      0.00000      0.00000  9.72521e-06
      4.03802      0.00000      0.00000      0.00000  9.72521e-06
      4.04781      0.00000      0.00000      0.00000  9.72521e-06
      4.05760      0.00000      0.00000      0.00000  9.72521e-06
      4.06739      0.00000      0.00000      0.00000  9.72521e-06
      4.07718      0.00000      0.00000      0.00000  9.72521e-06
      4.08697      0.00000      0.00000      0.00000  9.72521e-06
      4.09676      0.00000      0.00000      0.00000  9.72521e-06
      4.10655      0.00000      0.00000      0.00000  9.72521e-06
      4.11634      0.00000      0.00000      0.00000  9.72521e-06
      4.12613      0.00000      0.00000      0.00000  9.72521e-06
      4.13592      0.00000      0.00000      0.00000  9.72521e-06
      4.14571      0.00000      0.00000      0.00000  9.72521e-06
      4.15550      0.00000      0.00000      0.00000  9.72521e-06
      4.16529      0.00000      0.00000      0.00000  9.72521e-06
      4.17507      0.00000      0.00000      0.00000  9.72521e-06
      4.18486      0.00000      0.00000      0.00000  9.72521e-06
      4.19465      0.00000      0.00000      0.00000  9.72521e-06
      4.20444      0.00000      0.00000      0.00000  9.72521e-06
      4.21423      0.00000      0.00000      0.00000  9.72521e-06
      4.22402      0.00000      0.00000      0.00000  9.72521e-06
      4.23381      0.00000      0.00000      0.00000  9.72521e-06
      4.24360      0.00000      0.00000      0.00000  9.72521e-06
      4.25339      0.00000      0.00000      0.00000  9.72521e-06
      4.26318      0.00000      0.00000      0.00000  9.72521e-06
      4.27297      0.00000      0.00000      0.00000  9.72521e-06
      4.28276      0.00000      0.00000      0.00000  9.72521e-06
      4.29255      0.00000      0.00000      0.00000  9.72521e-06
      4.30234      0.00000      0.00000      0.00000  9.72521e-06
      4.31213      0.00000      0.00000      0.00000  9.72521e-06
      4.32192      0.00000      0.00000      0.00000  9.72521e-06
      4.33171      0.00000      0.00000      0.00000  9.72521e-06
      4.34150      0.00000      0.00000      0.00000  9.72521e-06
      4.35129      0.00000      0.00000      0.00000  9.72521e-06
      4.36108      0.00000      0.00000      0.00000  9.72521e-06
      4.37087      0.00000      0.00000      0.00000  9.72521e-06
      4.38066      0.00000      0.00000      0.00000  9.72521e-06
      4.39045      0.00000      0.00000      0.00000  9.72521e-06
      4.40024      0.00000      0.00000      0.00000  9.72521e-06
      4.41003      0.00000      0.00000      0.00000  9.72521e-06
      4.41982      0.00000      0.00000      0.00000  9.72521e-06
      4.42961      0.00000      0.00000      0.00000  9.72521e-06
      4.43940      0.00000      0.00000      0.00000  9.72521e-06
      4.44919      0.00000      0.00000      0.00000  9.72521e-06
      4.45898      0.00000      0.00000      0.00000  9.72521e-06
      4.46877      0.00000      0.00000      0.00000  9.72521e-06
      4.47856      0.00000      0.00000      0.00000  9.72521e-06
      4.48835      0.00000      0.00000      0.00000  9.72521e-06
      4.49814      0.00000      0.00000      0.00000  9.72521e-06
      4.50793      0.00000      0.00000      0.00000  9.72521e-06
      4.51772      0.00000      0.00000      0.00000  9.72521e-06
      4.52751      0.00000      0.00000      0.00000  9.72521e-06
      4.53730      0.00000      0.00000      0.00000  9.72521e-06
      4.54709      0.00000      0.00000      0.00000  9.72521e-06
      4.55688      0.00000      0.00000      0.00000  9.72521e-06
      4.56667      0.00000      0.00000      0.00000  9.72521e-06
      4.57646      0.00000      0.00000      0.00000  9.72521e-06
      4.58625      0.00000      0.00000      0.00000  9.72521e-06
      4.59604      0.00000      0.00000      0.00000  9.72521e-06
      4.60583      0.00000      0.00000      0.00000  9.72521e-06
      4.61561      0.00000      0.00000      0.00000  9.72521e-06
      4.62540      0.00000      0.00000      0.00000  9.72521e-06
      4.63519      0.00000      0.00000      0.00000  9.72521e-06
      4.64498      0.00000      0.00000      0.00000  9.72521e-06
      4.65477      0.00000      0.00000      0.00000  9.72521e-06
      4.66456      0.00000      0.00000      0.00000  9.72521e-06
      4.67435      0.00000      0.00000      0.00000  9.72521e-06
      4.68414      0.00000      0.00000      0.00000  9.72521e-06
      4.69393      0.00000      0.00000      0.00000  9.72521e-06
      4.70372      0.00000      0.00000      0.00000  9.72521e-06
      4.71351      0.00000      0.00000      0.00000  9.72521e-06
      4.72330      0.00000      0.00000      0.00000  9.72521e-06
      4.73309      0.00000      0.00000      0.00000  9.72521e-06
      4.74288      0.00000      0.00000      0.00000  9.72521e-06
      4.75267      0.00000      0.00000      0.00000  9.72521e-06
      4.76246      0.00000      0.00000      0.00000  9.72521e-06
      4.77225      0.00000      0.00000      0.00000  9.72521e-06
      4.78204      0.00000      0.00000      0.00000  9.72521e-06
      4.79183      0.00000      0.00000      0.00000  9.72521e-06
      4.80162      0.00000      0.00000      0.00000  9.72521e-06
      4.81141      0.00000      0.00000      0.00000  9.72521e-06
      4.82120      0.00000      0.00000      0.00000  9.72521e-06
      4.83099      0.00000      0.00000      0.00000  9.72521e-06
      4.84078      0.00000      0.00000      0.00000  9.72521e-06
      4.85057      0.00000      0.00000      0.00000  9.72521e-06
      4.86036      0.00000      0.00000      0.00000  9.72521e-06
      4.87015      0.00000      0.00000      0.00000  9.72521e-06
      4.87994      0.00000      0.00000      0.00000  9.72521e-06
      4.88973      0.00000      0.00000      0.00000  9.72521e-06
      4.89952      0.00000      0.00000      0.00000  9.72521e-06
      4.90931      0.00000      0.00000      0.00000  9.72521e-06
      4.91910      0.00000      0.00000      0.00000  9.72521e-06
      4.92889      0.00000      0.00000      0.00000  9.72521e-06
      4.93868      0.00000      0.00000      0.00000  9.72521e-06
      4.94847      0.00000      0.00000      0.00000  9.72521e-06
      4.95826      0.00000      0.00000      0.00000  9.72521e-06
      4.96805      0.00000      0.00000      0.00000  9.72521e-06
      4.97784      0.00000      0.00000      0.00000  9.72521e-06
      4.98763      0.00000      0.00000      0.00000  9.72521e-06
      4.99742      0.00000      0.00000      0.00000  9.72521e-06
      5.00721      0.00000      0.00000      0.00000  9.72521e-06
      5.01700      0.00000      0.00000      0.00000  9.72521e-06
      5.02679      0.00000      0.00000      0.00000  9.72521e-06
      5.03658      0.00000      0.00000      0.00000  9.72521e-06
      5.04637      0.00000      0.00000      0.00000  9.72521e-06
      5.05616      0.00000      0.00000      0.00000  9.72521e-06
      5.06595      0.00000      0.00000      0.00000  9.72521e-06
      5.07574      0.00000      0.00000      0.00000  9.72521e-06
      5.08553      0.00000      0.00000      0.00000  9.72521e-06
      5.09531      0.00000      0.00000      0.00000  9.72521e-06
      5.10510      0.00000      0.00000      0.00000  9.72521e-06
      5.11489      0.00000      0.00000      0.00000  9.72521e-06
      5.12468      0.00000      0.00000      0.00000  9.72521e-06
      5.13447      0.00000      0.00000      0.00000  9.72521e-06
      5.14426      0.00000      0.00000      0.00000  9.72521e-06
      5.15405      0.00000      0.00000      0.00000  9.72521e-06
      5.16384      0.00000      0.00000      0.00000  9.72521e-06
      5.17363      0.00000      0.00000      0.00000  9.72521e-06
      5.18342      0.00000      0.00000      0.00000  9.72521e-06
      5.19321      0.00000      0.00000      0.00000  9.72521e-06
      5.20300      0.00000      0.00000      0.00000  9.72521e-06
      5.21279      0.00000      0.00000      0.00000  9.72521e-06
      5.22258      0.00000      0.00000      0.00000  9.72521e-06
      5.23237      0.00000      0.00000      0.00000  9.72521e-06
      5.24216      0.00000      0.00000      0.00000  9.72521e-06
      5.25195      0.00000      0.00000      0.00000  9.72521e-06
      5.26174      0.00000      0.00000      0.00000  9.72521e-06
      5.27153      0.00000      0.00000      0.00000  9.72521e-06
      5.28132      0.00000      0.00000      0.00000  9.72521e-06
      5.29111      0.00000      0.00000      0.00000  9.72521e-06
      5.30090      0.00000      0.00000      0.00000  9.72521e-06
      5.31069      0.00000      0.00000      0.00000  9.72521e-06
      5.32048      0.00000      0.00000      0.00000  9.72521e-06
      5.33027      0.00000      0.00000      0.00000  9.72521e-06
      5.34006      0.00000      0.00000      0.00000  9.72521e-06
      5.34985      0.00000      0.00000      0.00000  9.72521e-06
      5.35964      0.00000      0.00000      0.00000  9.72521e-06
      5.36943      0.00000      0.00000      0.00000  9.72521e-06
      5.37922      0.00000      0.00000      0.00000  9.72521e-06
      5.38901      0.00000      0.00000      0.00000  9.72521e-06
      5.39880      0.00000      0.00000      0.00000  9.72521e-06
      5.40859      0.00000      0.00000      0.00000  9.72521e-06
      5.41838      0.00000      0.00000      0.00000  9.72521e-06
      5.42817      0.00000      0.00000      0.00000  9.72521e-06
      5.43796      0.00000      0.00000      0.00000  9.72521e-06
      5.44775      0.00000      0.00000      0.00000  9.72521e-06
      5.45754      0.00000      0.00000      0.00000  9.72521e-06
      5.46733      0.00000      0.00000      0.00000  9.72521e-06
      5.47712      0.00000      0.00000      0.00000  9.72521e-06
      5.48691      0.00000      0.00000      0.00000  9.72521e-06
      5.49670      0.00000      0.00000      0.00000  9.72521e-06
      5.50649      0.00000      0.00000      0.00000  9.72521e-06
      5.51628      0.00000      0.00000      0.00000  9.72521e-06
      5.52607      0.00000      0.00000      0.00000  9.72521e-06
      5.53586      0.00000      0.00000      0.00000  9.72521e-06
      5.54565      0.00000      0.00000      0.00000  9.72521e-06
      5.55543      0.00000      0.00000      0.00000  9.72521e-06
      5.56522      0.00000      0.00000      0.00000  9.72521e-06
      5.57501      0.00000      0.00000      0.00000  9.72521e-06
      5.58480      0.00000      0.00000      0.00000  9.72521e-06
      5.59459      0.00000      0.00000      0.00000  9.72521e-06
      5.60438      0.00000      0.00000      0.00000  9.72521e-06
      5.61417      0.00000      0.00000      0.00000  9.72521e-06
      5.62396      0.00000      0.00000      0.00000  9.72521e-06
      5.63375      0.00000      0.00000      0.00000  9.72521e-06
      5.64354      0.00000      0.00000      0.00000  9.72521e-06
      5.65333      0.00000      0.00000      0.00000  9.72521e-06
      5.66312      0.00000      0.00000      0.00000  9.72521e-06
      5.67291      0.00000      0.00000      0.00000  9.72521e-06
      5.68270      0.00000      0.00000      0.00000  9.72521e-06
      5.69249      0.00000      0.00000      0.00000  9.72521e-06
      5.70228      0.00000      0.00000      0.00000  9.72521e-06
      5.71207      0.00000      0.00000      0.00000  9.72521e-06
      5.72186      0.00000      0.00000      0.00000  9.72521e-06
      5.73165      0.00000      0.00000      0.00000  9.72521e-06
      5.74144      0.00000      0.00000      0.00000  9.72521e-06
      5.75123      0.00000      0.00000      0.00000  9.72521e-06
      5.76102      0.00000      0.00000      0.00000  9.72521e-06
      5.77081      0.00000      0.00000      0.00000  9.72521e-06
      5.78060      0.00000      0.00000      0.00000  9.72521e-06
      5.79039      0.00000      0.00000      0.00000  9.72521e-06
      5.80018      0.00000      0.00000      0.00000  9.72521e-06
      5.80997      0.00000      0.00000      0.00000  9.72521e-06
      5.81976      0.00000      0.00000      0.00000  9.72521e-06
      5.82955      0.00000      0.00000      0.00000  9.72521e-06
      5.83934      0.00000      0.00000      0.00000  9.72521e-06
      5.84913      0.00000      0.00000      0.00000  9.72521e-06
      5.85892      0.00000      0.00000      0.00000  9.72521e-06
      5.86871      0.00000      0.00000      0.00000  9.72521e-06
      5.87850      0.00000      0.00000      0.00000  9.72521e-06
      5.88829      0.00000      0.00000      0.00000  9.72521e-06
      5.89808      0.00000      0.00000      0.00000  9.72521e-06
      5.90787      0.00000      0.00000      0.00000  9.72521e-06
      5.91766      0.00000      0.00000      0.00000  9.72521e-06
      5.92745      0.00000      0.00000      0.00000  9.72521e-06
      5.93724      0.00000      0.00000      0.00000  9.72521e-06
      5.94703      0.00000      0.00000      0.00000  9.72521e-06
      5.95682      0.00000      0.00000      0.00000  9.72521e-06
      5.96661      0.00000      0.00000      0.00000  9.72521e-06
      5.97640      0.00000      0.00000      0.00000  9.72521e-06
      5.98619      0.00000      0.00000      0.00000  9.72521e-06
      5.99598      0.00000      0.00000      0.00000  9.72521e-06
      6.00576      0.00000      0.00000      0.00000  9.72521e-06
      6.01555      0.00000      0.00000      0.00000  9.72521e-06
      6.02534      0.00000      0.00000      0.00000  9.72521e-06
      6.03513      0.00000      0.00000      0.00000  9.72521e-06
      6.04492      0.00000      0.00000      0.00000  9.72521e-06
      6.05471      0.00000      0.00000      0.00000  9.72521e-06
      6.06450      0.00000      0.00000      0.00000  9.72521e-06
      6.07429      0.00000      0.00000      0.00000  9.72521e-06
      6.08408      0.00000      0.00000      0.00000  9.72521e-06
      6.09387      0.00000      0.00000      0.00000  9.72521e-06
      6.10366      0.00000      0.00000      0.00000  9.72521e-06
      6.11345      0.00000      0.00000      0.00000  9.72521e-06
      6.12324      0.00000      0.00000      0.00000  9.72521e-06
      6.13303      0.00000      0.00000      0.00000  9.72521e-06
      6.14282      0.00000      0.00000      0.00000  9.72521e-06
      6.15261      0.00000      0.00000      0.00000  9.72521e-06
      6.16240      0.00000      0.00000      0.00000  9.72521e-06
      6.17219      0.00000      0.00000      0.00000  9.72521e-06
      6.18198      0.00000      0.00000      0.00000  9.72521e-06
      6.19177      0.00000      0.00000      0.00000  9.72521e-06
      6.20156      0.00000      0.00000      0.00000  9.72521e-06
      6.21135      0.00000      0.00000      0.00000  9.72521e-06
      6.22114      0.00000      0.00000      0.00000  9.72521e-06
      6.23093      0.00000      0.00000      0.00000  9.72521e-06
      6.24072      0.00000      0.00000      0.00000  9.72521e-06
      6.25051      0.00000      0.00000      0.00000  9.72521e-06
      6.26030      0.00000      0.00000      0.00000  9.72521e-06
      6.27009      0.00000      0.00000      0.00000  9.72521e-06
      6.27988      0.00000      0.00000      0.00000  9.72521e-06
      6.28967      0.00000      0.00000      0.00000  9.72521e-06
      6.29946      0.00000      0.00000      0.00000  9.72521e-06
      6.30925      0.00000      0.00000      0.00000  9.72521e-06
      6.31904      0.00000      0.00000      0.00000  9.72521e-06
      6.32883      0.00000      0.00000      0.00000  9.72521e-06
      6.33862      0.00000      0.00000      0.00000  9.72521e-06
      6.34841      0.00000      0.00000      0.00000  9.72521e-06
      6.35820      0.00000      0.00000      0.00000  9.72521e-06
      6.36799      0.00000      0.00000      0.00000  9.72521e-06
      6.37778      0.00000      0.00000      0.00000  9.72521e-06
      6.38757      0.00000      0.00000      0.00000  9.72521e-06
      6.39736      0.00000      0.00000      0.00000  9.72521e-06
      6.40715      0.00000      0.00000      0.00000  9.72521e-06
      6.41694      0.00000      0.00000      0.00000  9.72521e-06
      6.42673      0.00000      0.00000      0.00000  9.72521e-06
      6.43652      0.00000      0.00000      0.00000  9.72521e-06
      6.44631      0.00000      0.00000      0.00000  9.72521e-06
      6.45610      0.00000      0.00000      0.00000  9.72521e-06
      6.46589      0.00000      0.00000      0.00000  9.72521e-06
      6.47568      0.00000      0.00000      0.00000  9.72521e-06
      6.48546      0.00000      0.00000      0.00000  9.72521e-06
      6.49525      0.00000      0.00000      0.00000  9.72521e-06
      6.50504      0.00000      0.00000      0.00000  9.72521e-06
      6.51483      0.00000      0.00000      0.00000  9.72521e-06
      6.52462      0.00000      0.00000      0.00000  9.72521e-06
      6.53441      0.00000      0.00000      0.00000  9.72521e-06
      6.54420      0.00000      0.00000      0.00000  9.72521e-06
      6.55399      0.00000      0.00000      0.00000  9.72521e-06
      6.56378      0.00000      0.00000      0.00000  9.72521e-06
      6.57357      0.00000      0.00000      0.00000  9.72521e-06
      6.58336      0.00000      0.00000      0.00000  9.72521e-06
      6.59315      0.00000      0.00000      0.00000  9.72521e-06
      6.60294      0.00000      0.00000      0.00000  9.72521e-06
      6.61273      0.00000      0.00000      0.00000  9.72521e-06
      6.62252      0.00000      0.00000      0.00000  9.72521e-06
      6.63231      0.00000      0.00000      0.00000  9.72521e-06
      6.64210      0.00000      0.00000      0.00000  9.72521e-06
      6.65189      0.00000      0.00000      0.00000  9.72521e-06
      6.66168      0.00000      0.00000      0.00000  9.72521e-06
      6.67147      0.00000      0.00000      0.00000  9.72521e-06
      6.68126      0.00000      0.00000      0.00000  9.72521e-06
      6.69105      0.00000      0.00000      0.00000  9.72521e-06
      6.70084      0.00000      0.00000      0.00000  9.72521e-06
      6.71063      0.00000      0.00000      0.00000  9.72521e-06
      6.72042      0.00000      0.00000      0.00000  9.72521e-06
      6.73021      0.00000      0.00000      0.00000  9.72521e-06
      6.74000      0.00000      0.00000      0.00000  9.72521e-06
      6.74979      0.00000      0.00000      0.00000  9.72521e-06
      6.75958      0.00000      0.00000      0.00000  9.72521e-06
      6.76937      0.00000      0.00000      0.00000  9.72521e-06
      6.77916      0.00000      0.00000      0.00000  9.72521e-06
      6.78895      0.00000      0.00000      0.00000  9.72521e-06
      6.79874      0.00000      0.00000      0.00000  9.72521e-06
      6.80853      0.00000      0.00000      0.00000  9.72521e-06
      6.81832      0.00000      0.00000      0.00000  9.72521e-06
      6.82811      0.00000      0.00000      0.00000  9.72521e-06
      6.83790      0.00000      0.00000      0.00000  9.72521e-06
      6.84769      0.00000      0.00000      0.00000  9.72521e-06
      6.85748      0.00000      0.00000      0.00000  9.72521e-06
      6.86727      0.00000      0.00000      0.00000  9.72521e-06
      6.87706      0.00000      0.00000      0.00000  9.72521e-06
      6.88685      0.00000      0.00000      0.00000  9.72521e-06
      6.89664      0.00000      0.00000      0.00000  9.72521e-06
      6.90643      0.00000      0.00000      0.00000  9.72521e-06
      6.91622      0.00000      0.00000      0.00000  9.72521e-06
      6.92601      0.00000      0.00000      0.00000  9.72521e-06
      6.93580      0.00000      0.00000      0.00000  9.72521e-06
      6.94558      0.00000      0.00000      0.00000  9.72521e-06
      6.95537      0.00000      0.00000      0.00000  9.72521e-06
      6.96516      0.00000      0.00000      0.00000  9.72521e-06
      6.97495      0.00000      0.00000      0.00000  9.72521e-06
      6.98474      0.00000      0.00000      0.00000  9.72521e-06
      6.99453      0.00000      0.00000      0.00000  9.72521e-06
      7.00432      0.00000      0.00000      0.00000  9.72521e-06
      7.01411      0.00000      0.00000      0.00000  9.72521e-06
      7.02390      0.00000      0.00000      0.00000  9.72521e-06
      7.03369      0.00000      0.00000      0.00000  9.72521e-06
      7.04348      0.00000      0.00000      0.00000  9.72521e-06
      7.05327      0.00000      0.00000      0.00000  9.72521e-06
      7.06306      0.00000      0.00000      0.00000  9.72521e-06
      7.07285      0.00000      0.00000      0.00000  9.72521e-06
      7.08264      0.00000      0.00000      0.00000  9.72521e-06
      7.09243      0.00000      0.00000      0.00000  9.72521e-06
      7.10222      0.00000      0.00000      0.00000  9.72521e-06
      7.11201      0.00000      0.00000      0.00000  9.72521e-06
      7.12180      0.00000      0.00000      0.00000  9.72521e-06
      7.13159      0.00000      0.00000      0.00000  9.72521e-06
      7.14138      0.00000      0.00000      0.00000  9.72521e-06
      7.15117      0.00000      0.00000      0.00000  9.72521e-06
      7.16096      0.00000      0.00000      0.00000  9.72521e-06
      7.17075      0.00000      0.00000      0.00000  9.72521e-06
      7.18054      0.00000      0.00000      0.00000  9.72521e-06
      7.19033      0.00000      0.00000      0.00000  9.72521e-06
      7.20012      0.00000      0.00000      0.00000  9.72521e-06
      7.20991      0.00000      0.00000      0.00000  9.72521e-06
      7.21970      0.00000      0.00000      0.00000  9.72521e-06
      7.22949      0.00000      0.00000      0.00000  9.72521e-06
      7.23928      0.00000      0.00000      0.00000  9.72521e-06
      7.24907      0.00000      0.00000      0.00000  9.72521e-06
      7.25886      0.00000      0.00000      0.00000  9.72521e-06
      7.26865      0.00000      0.00000      0.00000  9.72521e-06
      7.27844      0.00000      0.00000      0.00000  9.72521e-06
      7.28823      0.00000      0.00000      0.00000  9.72521e-06
      7.29802      0.00000      0.00000      0.00000  9.72521e-06
      7.30781      0.00000      0.00000      0.00000  9.72521e-06
      7.31760      0.00000      0.00000      0.00000  9.72521e-06
      7.32739      0.00000      0.00000      0.00000  9.72521e-06
      7.33718      0.00000      0.00000      0.00000  9.72521e-06
      7.34697      0.00000      0.00000      0.00000  9.72521e-06
      7.35676      0.00000      0.00000      0.00000  9.72521e-06
      7.36655      0.00000      0.00000      0.00000  9.72521e-06
      7.37634      0.00000      0.00000      0.00000  9.72521e-06
      7.38613      0.00000      0.00000      0.00000  9.72521e-06
      7.39592      0.00000      0.00000      0.00000  9.72521e-06
      7.40570      0.00000      0.00000      0.00000  9.72521e-06
      7.41549      0.00000      0.00000      0.00000  9.72521e-06
      7.42528      0.00000      0.00000      0.00000  9.72521e-06
      7.43507      0.00000      0.00000      0.00000  9.72521e-06
      7.44486      0.00000      0.00000      0.00000  9.72521e-06
      7.45465      0.00000      0.00000      0.00000  9.72521e-06
      7.46444      0.00000      0.00000      0.00000  9.72521e-06
      7.47423      0.00000      0.00000      0.00000  9.72521e-06
      7.48402      0.00000      0.00000      0.00000  9.72521e-06
      7.49381      0.00000      0.00000      0.00000  9.72521e-06
      7.50360      0.00000      0.00000      0.00000  9.72521e-06
      7.51339      0.00000      0.00000      0.00000  9.72521e-06
      7.52318      0.00000      0.00000      0.00000  9.72521e-06
      7.53297      0.00000      0.00000      0.00000  9.72521e-06
      7.54276      0.00000      0.00000      0.00000  9.72521e-06
      7.55255      0.00000      0.00000      0.00000  9.72521e-06
      7.56234      0.00000      0.00000      0.00000  9.72521e-06
      7.57213      0.00000      0.00000      0.00000  9.72521e-06
      7.58192      0.00000      0.00000      0.00000  9.72521e-06
      7.59171      0.00000      0.00000      0.00000  9.72521e-06
      7.60150      0.00000      0.00000      0.00000  9.72521e-06
      7.61129      0.00000      0.00000      0.00000  9.72521e-06
      7.62108      0.00000      0.00000      0.00000  9.72521e-06
      7.63087      0.00000      0.00000      0.00000  9.72521e-06
      7.64066      0.00000      0.00000      0.00000  9.72521e-06
      7.65045      0.00000      0.00000      0.00000  9.72521e-06
      7.66024      0.00000      0.00000      0.00000  9.72521e-06
      7.67003      0.00000      0.00000      0.00000  9.72521e-06
      7.67982      0.00000      0.00000      0.00000  9.72521e-06
      7.68961      0.00000      0.00000      0.00000  9.72521e-06
      7.69940      0.00000      0.00000      0.00000  9.72521e-06
      7.70919      0.00000      0.00000      0.00000  9.72521e-06
      7.71898      0.00000      0.00000      0.00000  9.72521e-06
      7.72877      0.00000      0.00000      0.00000  9.72521e-06
      7.73856      0.00000      0.00000      0.00000  9.72521e-06
      7.74835      0.00000      0.00000      0.00000  9.72521e-06
      7.75814      0.00000      0.00000      0.00000  9.72521e-06
      7.76793      0.00000      0.00000      0.00000  9.72521e-06
      7.77772      0.00000      0.00000      0.00000  9.72521e-06
      7.78751      0.00000      0.00000      0.00000  9.72521e-06
      7.79730      0.00000      0.00000      0.00000  9.72521e-06
      7.80709      0.00000      0.00000      0.00000  9.72521e-06
      7.81688      0.00000      0.00000      0.00000  9.72521e-06
      7.82667      0.00000      0.00000      0.00000  9.72521e-06
      7.83646      0.00000      0.00000      0.00000  9.72521e-06
      7.84625      0.00000      0.00000      0.00000  9.72521e-06
      7.85604      0.00000      0.00000      0.00000  9.72521e-06
      7.86583      0.00000      0.00000      0.00000  9.72521e-06
      7.87561      0.00000      0.00000      0.00000  9.72521e-06
      7.88540      0.00000      0.00000      0.00000  9.72521e-06
      7.89519      0.00000      0.00000      0.00000  9.72521e-06
      7.90498      0.00000      0.00000      0.00000  9.72521e-06
      7.91477      0.00000      0.00000      0.00000  9.72521e-06
      7.92456      0.00000      0.00000      0.00000  9.72521e-06
      7.93435      0.00000      0.00000      0.00000  9.72521e-06
      7.94414      0.00000      0.00000      0.00000  9.72521e-06
      7.95393      0.00000      0.00000      0.00000  9.72521e-06
      7.96372      0.00000      0.00000      0.00000  9.72521e-06
      7.97351      0.00000      0.00000      0.00000  9.72521e-06
      7.98330      0.00000      0.00000      0.00000  9.72521e-06
      7.99309      0.00000      0.00000      0.00000  9.72521e-06
      8.00288      0.00000      0.00000      0.00000  9.72521e-06
      8.01267      0.00000      0.00000      0.00000  9.72521e-06
      8.02246      0.00000      0.00000      0.00000  9.72521e-06
      8.03225      0.00000      0.00000      0.00000  9.72521e-06
      8.04204      0.00000      0.00000      0.00000  9.72521e-06
      8.05183      0.00000      0.00000      0.00000  9.72521e-06
      8.06162      0.00000      0.00000      0.00000  9.72521e-06
      8.07141      0.00000      0.00000      0.00000  9.72521e-06
      8.08120      0.00000      0.00000      0.00000  9.72521e-06
      8.09099      0.00000      0.00000      0.00000  9.72521e-06
      8.10078      0.00000      0.00000      0.00000  9.72521e-06
      8.11057      0.00000      0.00000      0.00000  9.72521e-06
      8.12036      0.00000      0.00000      0.00000  9.72521e-06
      8.13015      0.00000      0.00000      0.00000  9.72521e-06
      8.13994      0.00000      0.00000      0.00000  9.72521e-06
      8.14973      0.00000      0.00000      0.00000  9.72521e-06
      8.15952      0.00000      0.00000      0.00000  9.72521e-06
      8.16931      0.00000      0.00000      0.00000  9.72521e-06
      8.17910      0.00000      0.00000      0.00000  9.72521e-06
      8.18889      0.00000      0.00000      0.00000  9.72521e-06
      8.19868      0.00000      0.00000      0.00000  9.72521e-06
      8.20847      0.00000      0.00000      0.00000  9.72521e-06
      8.21826      0.00000      0.00000      0.00000  9.72521e-06
      8.22805      0.00000      0.00000      0.00000  9.72521e-06
      8.23784      0.00000      0.00000      0.00000  9.72521e-06
      8.24763      0.00000      0.00000      0.00000  9.72521e-06
      8.25742      0.00000      0.00000      0.00000  9.72521e-06
      8.26721      0.00000      0.00000      0.00000  9.72521e-06
      8.27700      0.00000      0.00000      0.00000  9.72521e-06
      8.28679      0.00000      0.00000      0.00000  9.72521e-06
      8.29658      0.00000      0.00000      0.00000  9.72521e-06
      8.30637      0.00000      0.00000      0.00000  9.72521e-06
      8.31616      0.00000      0.00000      0.00000  9.72521e-06
      8.32595      0.00000      0.00000      0.00000  9.72521e-06
      8.33574      0.00000      0.00000      0.00000  9.72521e-06
      8.34552      0.00000      0.00000      0.00000  9.72521e-06
      8.35532      0.00000      0.00000      0.00000  9.72521e-06
      8.36510      0.00000      0.00000      0.00000  9.72521e-06
      8.37489      0.00000      0.00000      0.00000  9.72521e-06
      8.38468      0.00000      0.00000      0.00000  9.72521e-06
      8.39447      0.00000      0.00000      0.00000  9.72521e-06
      8.40426      0.00000      0.00000      0.00000  9.72521e-06
      8.41405      0.00000      0.00000      0.00000  9.72521e-06
      8.42384      0.00000      0.00000      0.00000  9.72521e-06
      8.43363      0.00000      0.00000      0.00000  9.72521e-06
      8.44342      0.00000      0.00000      0.00000  9.72521e-06
      8.45321      0.00000      0.00000      0.00000  9.72521e-06
      8.46300      0.00000      0.00000      0.00000  9.72521e-06
      8.47279      0.00000      0.00000      0.00000  9.72521e-06
      8.48258      0.00000      0.00000      0.00000  9.72521e-06
      8.49237      0.00000      0.00000      0.00000  9.72521e-06
      8.50216      0.00000      0.00000      0.00000  9.72521e-06
      8.51195      0.00000      0.00000      0.00000  9.72521e-06
      8.52174      0.00000      0.00000      0.00000  9.72521e-06
      8.53153      0.00000      0.00000      0.00000  9.72521e-06
      8.54132      0.00000      0.00000      0.00000  9.72521e-06
      8.55111      0.00000      0.00000      0.00000  9.72521e-06
      8.56090      0.00000      0.00000      0.00000  9.72521e-06
      8.57069      0.00000      0.00000      0.00000  9.72521e-06
      8.58048      0.00000      0.00000      0.00000  9.72521e-06
      8.59027      0.00000      0.00000      0.00000  9.72521e-06
      8.60006      0.00000      0.00000      0.00000  9.72521e-06
      8.60985      0.00000      0.00000      0.00000  9.72521e-06
      8.61964      0.00000      0.00000      0.00000  9.72521e-06
      8.62943      0.00000      0.00000      0.00000  9.72521e-06
      8.63922      0.00000      0.00000      0.00000  9.72521e-06
      8.64901      0.00000      0.00000      0.00000  9.72521e-06
      8.65880      0.00000      0.00000      0.00000  9.72521e-06
      8.66859      0.00000      0.00000      0.00000  9.72521e-06
      8.67838      0.00000      0.00000      0.00000  9.72521e-06
      8.68817      0.00000      0.00000      0.00000  9.72521e-06
      8.69796      0.00000      0.00000      0.00000  9.72521e-06
      8.70775      0.00000      0.00000      0.00000  9.72521e-06
      8.71754      0.00000      0.00000      0.00000  9.72521e-06
      8.72733      0.00000      0.00000      0.00000  9.72521e-06
      8.73712      0.00000      0.00000      0.00000  9.72521e-06
      8.74691      0.00000      0.00000      0.00000  9.72521e-06
      8.75670      0.00000      0.00000      0.00000  9.72521e-06
      8.76649      0.00000      0.00000      0.00000  9.72521e-06
      8.77628      0.00000      0.00000      0.00000  9.72521e-06
      8.78607      0.00000      0.00000      0.00000  9.72521e-06
      8.79586      0.00000      0.00000      0.00000  9.72521e-06
      8.80564      0.00000      0.00000      0.00000  9.72521e-06
      8.81544      0.00000      0.00000      0.00000  9.72521e-06
      8.82522      0.00000      0.00000      0.00000  9.72521e-06
      8.83501      0.00000      0.00000      0.00000  9.72521e-06
      8.84480      0.00000      0.00000      0.00000  9.72521e-06
      8.85459      0.00000      0.00000      0.00000  9.72521e-06
      8.86438      0.00000      0.00000      0.00000  9.72521e-06
      8.87417      0.00000      0.00000      0.00000  9.72521e-06
      8.88396      0.00000      0.00000      0.00000  9.72521e-06
      8.89375      0.00000      0.00000      0.00000  9.72521e-06
      8.90354      0.00000      0.00000      0.00000  9.72521e-06
      8.91333      0.00000      0.00000      0.00000  9.72521e-06
      8.92312      0.00000      0.00000      0.00000  9.72521e-06
      8.93291      0.00000      0.00000      0.00000  9.72521e-06
      8.94270      0.00000      0.00000      0.00000  9.72521e-06
      8.95249      0.00000      0.00000      0.00000  9.72521e-06
      8.96228      0.00000      0.00000      0.00000  9.72521e-06
      8.97207      0.00000      0.00000      0.00000  9.72521e-06
      8.98186      0.00000      0.00000      0.00000  9.72521e-06
      8.99165      0.00000      0.00000      0.00000  9.72521e-06
      9.00144      0.00000      0.00000      0.00000  9.72521e-06
      9.01123      0.00000      0.00000      0.00000  9.72521e-06
      9.02102      0.00000      0.00000      0.00000  9.72521e-06
      9.03081      0.00000      0.00000      0.00000  9.72521e-06
      9.04060      0.00000      0.00000      0.00000  9.72521e-06
      9.05039      0.00000      0.00000      0.00000  9.72521e-06
      9.06018      0.00000      0.00000      0.00000  9.72521e-06
      9.06997      0.00000      0.00000      0.00000  9.72521e-06
      9.07976      0.00000      0.00000      0.00000  9.72521e-06
      9.08955      0.00000      0.00000      0.00000  9.72521e-06
      9.09934      0.00000      0.00000      0.00000  9.72521e-06
      9.10913      0.00000      0.00000      0.00000  9.72521e-06
      9.11892      0.00000      0.00000      0.00000  9.72521e-06
      9.12871      0.00000      0.00000      0.00000  9.72521e-06
      9.13850      0.00000      0.00000      0.00000  9.72521e-06
      9.14829      0.00000      0.00000      0.00000  9.72521e-06
      9.15808      0.00000      0.00000      0.00000  9.72521e-06
      9.16787      0.00000      0.00000      0.00000  9.72521e-06
      9.17766      0.00000      0.00000      0.00000  9.72521e-06
      9.18745      0.00000      0.00000      0.00000  9.72521e-06
      9.19724      0.00000      0.00000      0.00000  9.72521e-06
      9.20703      0.00000      0.00000      0.00000  9.72521e-06
      9.21682      0.00000      0.00000      0.00000  9.72521e-06
      9.22661      0.00000      0.00000      0.00000  9.72521e-06
      9.23640      0.00000      0.00000      0.00000  9.72521e-06
      9.24619      0.00000      0.00000      0.00000  9.72521e-06
      9.25598      0.00000      0.00000      0.00000  9.72521e-06
      9.26577      0.00000      0.00000      0.00000  9.72521e-06
      9.27556      0.00000      0.00000      0.00000  9.72521e-06
      9.28535      0.00000      0.00000      0.00000  9.72521e-06
      9.29513      0.00000      0.00000      0.00000  9.72521e-06
      9.30492      0.00000      0.00000      0.00000  9.72521e-06
      9.31471      0.00000      0.00000      0.00000  9.72521e-06
      9.32450      0.00000      0.00000      0.00000  9.72521e-06
      9.33429      0.00000      0.00000      0.00000  9.72521e-06
      9.34408      0.00000      0.00000      0.00000  9.72521e-06
      9.35387      0.00000      0.00000      0.00000  9.72521e-06
      9.36366      0.00000      0.00000      0.00000  9.72521e-06
      9.37345      0.00000      0.00000      0.00000  9.72521e-06
      9.38324      0.00000      0.00000      0.00000  9.72521e-06
      9.39303      0.00000      0.00000      0.00000  9.72521e-06
      9.40282      0.00000      0.00000      0.00000  9.72521e-06
      9.41261      0.00000      0.00000      0.00000  9.72521e-06
      9.42240      0.00000      0.00000      0.00000  9.72521e-06
      9.43219      0.00000      0.00000      0.00000  9.72521e-06
      9.44198      0.00000      0.00000      0.00000  9.72521e-06
      9.45177      0.00000      0.00000      0.00000  9.72521e-06
      9.46156      0.00000      0.00000      0.00000  9.72521e-06
      9.47135      0.00000      0.00000      0.00000  9.72521e-06
      9.48114      0.00000      0.00000      0.00000  9.72521e-06
      9.49093      0.00000      0.00000      0.00000  9.72521e-06
      9.50072      0.00000      0.00000      0.00000  9.72521e-06
      9.51051      0.00000      0.00000      0.00000  9.72521e-06
      9.52030      0.00000      0.00000      0.00000  9.72521e-06
      9.53009      0.00000      0.00000      0.00000  9.72521e-06
      9.53988      0.00000      0.00000      0.00000  9.72521e-06
      9.54967      0.00000      0.00000      0.00000  9.72521e-06
      9.55946      0.00000      0.00000      0.00000  9.72521e-06
      9.56925      0.00000      0.00000      0.00000  9.72521e-06
      9.57904      0.00000      0.00000      0.00000  9.72521e-06
      9.58883      0.00000      0.00000      0.00000  9.72521e-06
      9.59862      0.00000      0.00000      0.00000  9.72521e-06
      9.60841      0.00000      0.00000      0.00000  9.72521e-06
      9.61820      0.00000      0.00000      0.00000  9.72521e-06
      9.62799      0.00000      0.00000      0.00000  9.72521e-06
      9.63778      0.00000      0.00000      0.00000  9.72521e-06
      9.64757      0.00000      0.00000      0.00000  9.72521e-06
      9.65736      0.00000      0.00000      0.00000  9.72521e-06
      9.66715      0.00000      0.00000      0.00000  9.72521e-06
      9.67694      0.00000      0.00000      0.00000  9.72521e-06
      9.68673      0.00000      0.00000      0.00000  9.72521e-06
      9.69652      0.00000      0.00000      0.00000  9.72521e-06
      9.70631      0.00000      0.00000      0.00000  9.72521e-06
      9.71610      0.00000      0.00000      0.00000  9.72521e-06
      9.72589      0.00000      0.00000      0.00000  9.72521e-06
      9.73567      0.00000      0.00000      0.00000  9.72521e-06
      9.74547      0.00000      0.00000      0.00000  9.72521e-06
      9.75525      0.00000      0.00000      0.00000  9.72521e-06
      9.76504      0.00000      0.00000      0.00000  9.72521e-06
      9.77483      0.00000      0.00000      0.00000  9.72521e-06
      9.78462      0.00000      0.00000      0.00000  9.72521e-06
      9.79441      0.00000      0.00000      0.00000  9.72521e-06
      9.80420      0.00000      0.00000      0.00000  9.72521e-06
      9.81399      0.00000      0.00000      0.00000  9.72521e-06
      9.82378      0.00000      0.00000      0.00000  9.72521e-06
      9.83357      0.00000      0.00000      0.00000  9.72521e-06
      9.84336      0.00000      0.00000      0.00000  9.72521e-06
      9.85315      0.00000      0.00000      0.00000  9.72521e-06
      9.86294      0.00000      0.00000      0.00000  9.72521e-06
      9.87273      0.00000      0.00000      0.00000  9.72521e-06
      9.88252      0.00000      0.00000      0.00000  9.72521e-06
      9.89231      0.00000      0.00000      0.00000  9.72521e-06
      9.90210      0.00000      0.00000      0.00000  9.72521e-06
      9.91189      0.00000      0.00000      0.00000  9.72521e-06
      9.92168      0.00000      0.00000      0.00000  9.72521e-06
      9.93147      0.00000      0.00000      0.00000  9.72521e-06
      9.94126      0.00000      0.00000      0.00000  9.72521e-06
      9.95105      0.00000      0.00000      0.00000  9.72521e-06
      9.96084      0.00000      0.00000      0.00000  9.72521e-06
      9.97063      0.00000      0.00000      0.00000  9.72521e-06
      9.98042      0.00000      0.00000      0.00000  9.72521e-06
      9.99021      0.00000      0.00000      0.00000  9.72521e-06
      10.0000      0.00000      0.00000      0.00000  9.72521e-06
